abraham_narrnest.json
top_n_prediction
Confidences
X
0
1
2
3
4
5
6
7
8
9
10
11
12
13
14
15
16
17
18
19
20
21
22
23
24
25
26
27
28
29
30
31
32
33
34
35
36
37
38
39
40
41
42
43
44
45
46
47
48
49
50
51
52
53
54
55
56
57
58
59
60
61
62
63
64
65
66
67
68
69
70
71
72
73
74
75
76
77
78
Y
1.965181827545166
5.356498718261719
4.740864276885986
-0.3119494616985321
1.1419508457183838
-2.8013949394226074
-3.020632266998291
-4.091670513153076
0.3938753604888916
3.388495922088623
3.413973093032837
3.5477454662323
2.6890861988067627
-1.1820905208587646
4.5829973220825195
5.418783187866211
4.859071731567383
5.567629814147949
-2.02524471282959
-1.9962642192840576
1.3747276067733765
-1.9964330196380615
5.491371154785156
4.389631748199463
1.8084779977798462
-1.002822995185852
3.4382290840148926
2.2571215629577637
-0.11858400702476501
-1.4870588779449463
2.5414936542510986
3.684297561645508
4.235443115234375
-1.5685163736343384
0.6620880365371704
3.5780749320983887
5.143331527709961
-1.8690180778503418
-1.2698419094085693
-4.022058010101318
0.11174741387367249
4.2272820472717285
4.491306304931641
-2.828418016433716
0.60024094581604
3.6341135501861572
2.185621738433838
-3.734614133834839
-4.100629806518555
3.7218785285949707
-2.757650136947632
4.5573649406433105
-2.228365898132324
5.450122356414795
-0.9144175052642822
4.841843128204346
2.3326358795166016
3.4788031578063965
-2.8737359046936035
-4.224409580230713
-3.6528892517089844
2.4096016883850098
2.3193156719207764
5.445249557495117
-2.7456140518188477
1.7268617153167725
4.515995979309082
-4.073421955108643
4.10228967666626
-2.2814881801605225
-3.917311429977417
-2.1908178329467773
3.183643341064453
-0.6345517635345459
-1.8658349514007568
-3.9644362926483154
-4.218658924102783
0.6979355812072754
2.014869451522827
Candidates
X
1
2
14
15
16
17
22
36
53
55
63
Y
5.356498718261719
4.740864276885986
4.5829973220825195
5.418783187866211
4.859071731567383
5.567629814147949
5.491371154785156
5.143331527709961
5.450122356414795
4.841843128204346
5.445249557495117
Breaks
X
2
10
16
23
27
31
35
45
54
62
68
